580766563
496243024
753937609
580502454
531446678
497899732
1036185028
847232661
473508276
279535739
741579295
498678582
93552207
619368053
607734415
242540796
703081696
8243958
382061037
732740237
175982145
626632377
192440
291759189
368253747
1033834872
362187408
820529922
176418522
265805941
484432572
420608519
4372796
456713461
691510438
646019609
459209157
467718847
36741977
467845045
643799494
924333729
836272906
573286807
342318833
261225707
989219724
819695428
728886751
27854834
927617754
507240322
378887307
128341647
500174737
396414683
541218004
100186782
821887859
27694621
344049406
1065066367
352302566
7749852
188263473
833839256
234995314
671124463
442849529
420360144
644177735
339825647
811524037
488967190
1023946677
696095675
370639720
620382168
998332081
1015411447
425441691
322609036
878826839
586376328
521256312
712794155
695492963
728290586
494481920
427826609
972967862
1037363610
1047319703
795965855
956174039
598625724
698302339
941848953
728641903
943133303
